# Demo Dataset Sample Sequences
======================================================================

Total Samples: 99
Sequence Length: 32
Vocabulary: 0-19
Classes: 3

Patterns:
- Class 0: value=5 at pos=3 AND value=8 at pos=7
- Class 1: value=3 at pos=5 AND value=9 at pos=10
- Class 2: value=7 at pos=15 AND value=4 at pos=20

Sample Sequences (pattern positions shown in [brackets]):
======================================================================


--- Class 0 ---
Sample 1:   0    4   14  [ 5]   8    1    8  [ 8]   8   16   14    7   16    4    8   11   13    1   10    3    9   18   10   13   19    3    2    1    0   18    2   12  
Sample 4:   0    8   10  [ 5]   4   14    2  [ 8]  13   18    5   16    4    2   11    8    8    4    2    4   18    1   10   10    4   14    3   19   11   18   12    7  
Sample 6:  11   18   14  [ 5]  11    0   19  [ 8]   7   15   15   17   11   11   19   17   14   10   19    3    2   10    7    7    0    5   15    2   10   13   16    7  
Sample 8:   2   13    2  [ 5]   2    7    0  [ 8]  17   12   19   18   18    8    2   18   14    3    1   19    5   16    9   15    0   19   17    4   15   15    2    5  
Sample 10:  15    0   19  [ 5]   1   17    5  [ 8]   9   19   11    0    8    2    3    7    8    5   16   16    5    9    1    0    9   15    5    0   12    8    0    2  

--- Class 1 ---
Sample 3:   0    8    3    9    1  [ 3]   9    7   13   18  [ 9]   9   11    0    9   12    8   18   10    7    9   13   13    8    9    4   12   19    4   17   19    9  
Sample 7:  14    7   11    3   19  [ 3]  13   14   19   14  [ 9]  15    2   16   11    4    4    3    3    6    9    8    1   18   14   12    1    9    7   13    7   16  
Sample 13:   3   13   17   16    5  [ 3]   1   13   15    7  [ 9]   1    9    8    7    3    7    6    6    0   14   19    1    1   10    2   18   18   19    9    8   19  
Sample 19:  18   17   13   10    5  [ 3]  16   12    0   15  [ 9]  17   16    9    7   19    3    1    0   19    9   11    4   11   13   12    8   13    7    2   10    5  
Sample 26:   5   12    8    5    2  [ 3]  14   13    4    5  [ 9]   7    2    1    2    0    7    0    7   13   17   11    2    9   19   10    3    1   11   16    0   14  

--- Class 2 ---
Sample 2:   3    1   11    1   16    4   14    0   13   16   18   19    5    0   16  [ 7]   2    9    0   10  [ 4]  11    2   10    7    8    4    1    5   18   18    1  
Sample 5:  17   14   13   19   10   15   19    1   18   18   16    5   18    6    4  [ 7]   0    0   12   17  [ 4]  12    7    8   18   11    2   15    7    7   19    1  
Sample 9:   3    0    5    3    7    3   19   11    1    9    8   13   11    0    9  [ 7]   1   15    5   13  [ 4]  11    2   13    0    3    7   15   16   14    1    2  
Sample 14:   1    2   19   13    3   18    0    7    1   16   17    1    7   17    6  [ 7]   9   10    4    6  [ 4]  17    6    2    7    3   16   16    1   10   19   16  
Sample 18:  15    7    4    8   12    4   15    5    9   18   11    7   14   19   12  [ 7]  16    6    5    6  [ 4]  15   13   15   19   14   10   17    8   16   18    4  
