# Train Dataset Sample Sequences
======================================================================

Total Samples: 4998
Sequence Length: 32
Vocabulary: 0-19
Classes: 3

Patterns:
- Class 0: value=5 at pos=3 AND value=8 at pos=7
- Class 1: value=3 at pos=5 AND value=9 at pos=10
- Class 2: value=7 at pos=15 AND value=4 at pos=20

Sample Sequences (pattern positions shown in [brackets]):
======================================================================


--- Class 0 ---
Sample 1:   8   16    7  [ 5]   1   12    0  [ 8]  17    4    6   11   16    4   11   18   12   15   18    9   11    6   13    9    7   14   15    7    3   16    3   10  
Sample 3:   0   16   14  [ 5]  17    5    1  [ 8]  18    6    8    1    6   13   14   11   19    3   12    8   11    9    8    6   11   15   14    6    7    6   10    3  
Sample 4:  15    9   11  [ 5]  13    1    4  [ 8]   5   12    8   14   13    6   19    1    6    5   16    1    2    4    4    0    7   11    3   12   14   10    9    2  
Sample 15:  18   12   10  [ 5]   1    8    1  [ 8]  11    8    8    9    4    8   17    9   16    9   13    3    9   17    4    8    5   15   15   10   14   18    2   15  
Sample 20:   1   15    1  [ 5]   5    0   10  [ 8]   9   17    0   18   15    6   14    0    8    1   16    9    5    4    7    7    4   11    6   12   12   16    3   17  

--- Class 1 ---
Sample 5:  16    2   13    1   12  [ 3]   9    7    6    0  [ 9]   7    5   17    3   10   19   15   11    3    8    0    5    0   19    7   12   18   19    3    6   17  
Sample 6:  15    4   11   14    1  [ 3]   9    7   10   11  [ 9]   6   14   18    1    5    1   13    7   15   18   17   12    5    3    9   14   11   19   11    6    5  
Sample 9:  10    2   10   16   10  [ 3]  15    6    2    8  [ 9]  12    0    9    0   13    5   10   14   11   18    6   17   10    1   16   13   17   14   17    8   18  
Sample 11:  12    0    5   13    6  [ 3]   6   16   19    6  [ 9]  15    5    1   19    1   14    5   10    7    8    8   13   12   14   13   15   15   18   12   11    8  
Sample 13:   7    9    2    5   18  [ 3]  17   19   17   15  [ 9]  10   17   15   13    6    5   16   14    9   16    1   16   12   17   18    1    1   17    6    9    3  

--- Class 2 ---
Sample 2:   3   16   16    7    5   16   10    4   13    7   16    0    0    6   19  [ 7]  11   11    4   12  [ 4]   5   14    3   16   14   14    4    9    8    1    6  
Sample 7:  14   18    3    9    6   13   11    9    6    7    5   16   17    6    0  [ 7]  19   12    5   14  [ 4]   5   17    1   16   12   18   19   14    3   18   12  
Sample 8:   0    9    7    9   16   12    8   12   19   14    8   12   12   12   11  [ 7]  14    4    2    3  [ 4]   7    3   13   10   19    8    0   10    3   19    8  
Sample 10:  18   16    5   10    1    1   16   16   13   19   17   19   15   15    7  [ 7]  15   15    1    9  [ 4]   3    9   18   13    9   14   13    6    6    5    2  
Sample 12:  13    3   19    2   17   19    6    0   15   12    2   11    3   18   13  [ 7]   3   11    6   13  [ 4]   5   16   16   11    3    6    3    6    5    3    9  
